Ануфриенко Кирилл 5 3 4 4 5
Балабанов Михаил 5 4 3 2 4
Батенев Павел 5 3 3 4 5
Батенева Мария 5 4 2 4 4
Баянова Анна 4 5 3 2 4
Близняк Анастасия 4 5 3 2 2
Бородкин Денис 4 3 5 2 4
Байдалакова Байару 4 5 2 2 3
Быков Станислав 4 3 2 5 2
Гостев Александр 4 5 2 3 4
Грачев Константин 4 5 5 3 4
Григорьев Альберт 4 3 2 5 3
Долгих Никита 4 3 5 2 4
Жамбаева Дарима 5 3 2 5 5
Зайцева Арина 5 5 5 5 5
Зеленская Анастасия 3 4 5 3 2
Золотых Максим 5 4 5 4 5
Зыкова Ксения 5 3 5 3 4
Кабаев Антон 5 4 4 4 4
Комарова Елизавета 4 4 5 3 2
Кривошеенкова Екатерина 5 3 2 4 5
Ланкевич Сергей 5 4 2 5 3
Манько Андрей 5 5 3 4 4
Матюхина Елизавета 3 3 3 3 3
Ольшанская Ксения 4 4 5 5 3
Овечкин Андрей 5 5 5 4 2
Паймушкин Кирилл 4 4 3 2 4
Писанкина Анастасия 5 5 5 5 2
Потапович Софья 4 5 3 5 5
Рашидова Айгерим 5 3 4 2 3
Романенко Алина 5 5 5 2 3
Селищев Александр 5 4 3 2 5
Слободчиков Степан 5 3 4 2 5
Хомик Дарья 5 5 5 5 5
Шиляева Татьяна 5 4 5 5 5
Шлапакова Ксения 5 3 4 2 3
Шматов Денис 2 2 2 4 3
Шерубнева Анастасия 5 4 2 3 5